5
sweep 1000; box 25.8086519000 25.8086519000 25.8086519000
-7.19597720e+00 -7.19160145e+00 -3.41647454e+00    5.39143722e-01 -6.63118240e-01 -5.19228512e-01   -3.55559335e-01  3.79660588e-01 -8.54069902e-01 0 0
-9.47999860e+00 -4.34486221e+00 -4.39088663e-01    2.89132231e-01 -3.84447393e-01 -8.76699923e-01   -7.63479881e-01 -6.45083002e-01  3.10868477e-02 0 0
-1.10917221e+01 -2.43457620e+00 -3.82518126e-01    3.55559142e-01 -3.79660356e-01  8.54070085e-01   -7.63480162e-01 -6.45082688e-01  3.10864747e-02 0 0
-1.03688996e+01 -3.39572860e+00 -2.57426883e+00   -6.44691830e-01  7.64107529e-01  2.26302796e-02   -7.63479896e-01 -6.45082976e-01  3.10870124e-02 0 0
-7.62264023e+00 -6.73593001e+00 -4.44135626e+00   -5.39143722e-01  6.63118240e-01  5.19228512e-01    3.55559335e-01 -3.79660588e-01  8.54069902e-01 0 0
0
sweep 2000; box 25.8086519000 25.8086519000 25.8086519000
0
sweep 3000; box 25.8086519000 25.8086519000 25.8086519000
5
sweep 4000; box 25.8086519000 25.8086519000 25.8086519000
-1.09265684e+01  9.58249057e+00 -9.85871751e+00   -8.43937634e-02 -7.89572091e-01  6.07826954e-01    5.65477212e-01  4.64308767e-01  6.81654526e-01 0 0
-1.16878489e+01  5.59728067e+00 -7.46621698e+00   -3.55826062e-01 -9.15943674e-01  1.85566696e-01    8.20434449e-01 -4.01240133e-01 -4.07300468e-01 0 0
-1.11637289e+01  4.46819877e+00 -5.29814923e+00    5.65477238e-01  4.64309047e-01  6.81654312e-01    8.20434739e-01 -4.01240014e-01 -4.07300000e-01 0 0
-1.02741444e+01  6.75805708e+00 -5.76209498e+00   -2.09651393e-01  4.51635229e-01 -8.67220799e-01    8.20434369e-01 -4.01240278e-01 -4.07300486e-01 0 0
-1.02480324e+01  1.01396570e+01 -9.04066201e+00    8.43937634e-02  7.89572091e-01 -6.07826954e-01   -5.65477212e-01 -4.64308767e-01 -6.81654526e-01 0 0
0
sweep 5000; box 25.8086519000 25.8086519000 25.8086519000
0
sweep 6000; box 25.8086519000 25.8086519000 25.8086519000
5
sweep 7000; box 25.8086519000 25.8086519000 25.8086519000
 1.76042543e+00  2.65904389e-02 -8.16544705e+00   -2.86539131e-01  7.25169577e-01  6.26118528e-01   -9.26775466e-01 -3.75462592e-01  1.07273819e-02 0 0
 3.69956030e+00 -3.11235065e+00 -1.10932977e+01   -7.11537889e-01  4.40284398e-01  5.47597920e-01   -2.42862688e-01  5.77197490e-01 -7.79654265e-01 0 0
 3.16146402e+00 -5.15173348e+00 -1.24354659e+01    9.26775567e-01  3.75462338e-01 -1.07276062e-02   -2.42863139e-01  5.77197167e-01 -7.79654363e-01 0 0
 1.38261572e+00 -4.05098936e+00 -1.10664814e+01   -2.15237428e-01 -8.15746571e-01 -5.36870916e-01   -2.42862540e-01  5.77197457e-01 -7.79654335e-01 0 0
 6.48299420e-01 -4.24042463e-01 -8.15256015e+00    2.86539131e-01 -7.25169577e-01 -6.26118528e-01    9.26775466e-01  3.75462592e-01 -1.07273819e-02 0 0
5
sweep 8000; box 25.8086519000 25.8086519000 25.8086519000
 9.59701552e+00  1.26374595e-01  8.47571907e-01   -9.69886427e-01  1.85508436e-01  1.57819326e-01   -2.13895265e-01 -3.38849265e-01 -9.16204121e-01 0 0
-1.15480062e+01 -5.18808202e-01  7.06868701e-01   -9.46893919e-01 -8.76908710e-03 -3.21426523e-01    1.16486994e-01  9.22370881e-01 -3.68324230e-01 0 0
-9.71550778e+00 -1.34402588e+00 -7.80078087e-01    2.13895608e-01  3.38849203e-01  9.16204064e-01    1.16487040e-01  9.22370668e-01 -3.68324749e-01 0 0
-1.20827554e+01 -1.36591615e+00 -1.58364334e+00    7.32998753e-01 -3.30079610e-01 -5.94777504e-01    1.16487128e-01  9.22370903e-01 -3.68324133e-01 0 0
 9.34037664e+00 -2.80314651e-01 -2.51882815e-01    9.69886427e-01 -1.85508436e-01 -1.57819326e-01    2.13895265e-01  3.38849265e-01  9.16204121e-01 0 0
10
sweep 9000; box 25.8086519000 25.8086519000 25.8086519000
-1.07535372e+01 -5.29203558e+00 -1.17616307e+01   -7.19649222e-01 -6.88560421e-01 -8.93842515e-02    2.16731696e-01 -3.45064352e-01  9.13212990e-01 0 0
 1.15570008e+01 -8.27992301e+00 -1.27721914e+01   -7.31600712e-01 -4.23778455e-01 -5.34015186e-01    6.59645339e-01 -6.37820610e-01 -3.97558671e-01 0 0
 1.02698165e+01 -1.02020271e+01 -1.18241842e+01    2.16731947e-01 -3.45064107e-01  9.13213023e-01    6.59645336e-01 -6.37820910e-01 -3.97558194e-01 0 0
 1.20988481e+01 -9.14258292e+00 -1.04891642e+01    5.14868734e-01  7.68843007e-01 -3.79197334e-01    6.59645232e-01 -6.37820643e-01 -3.97558795e-01 0 0
-1.04935265e+01 -5.70611884e+00 -1.06657339e+01    7.19649222e-01  6.88560421e-01  8.93842515e-02   -2.16731696e-01  3.45064352e-01 -9.13212990e-01 0 0
 3.84262405e+00 -1.07861298e+01  4.78407201e+00   -2.74459518e-02 -6.18217035e-01 -7.85528114e-01    9.57481969e-01 -2.42020021e-01  1.57017799e-01 0 0
 3.09222056e+00  1.22957827e+01  1.01746993e+00   -5.02509856e-01 -4.14382115e-01 -7.58795959e-01    2.87184090e-01  7.47819472e-01 -5.98574419e-01 0 0
 4.22965416e+00  1.06547611e+01 -4.86969653e-01    9.57481977e-01 -2.42019805e-01  1.57018079e-01    2.87184601e-01  7.47819239e-01 -5.98574466e-01 0 0
 5.48592853e+00  1.16907511e+01  1.41001660e+00   -4.54971971e-01  6.56401674e-01  6.01778487e-01    2.87183967e-01  7.47819434e-01 -5.98574526e-01 0 0
 4.99160879e+00 -1.10766327e+01  4.97249297e+00    2.74459518e-02  6.18217035e-01  7.85528114e-01   -9.57481969e-01  2.42020021e-01 -1.57017799e-01 0 0
